1.35E-02
1.32E-02
1.24E-02
1.30E-02
1.18E-02
1.10E-02
1.09E-02
1.09E-02
1.14E-02
1.13E-02
1.10E-02
1.08E-02
1.06E-02
1.05E-02
1.04E-02
1.07E-02
1.20E-02
1.14E-02
1.16E-02
1.18E-02
1.19E-02
1.17E-02
1.19E-02
1.35E-02
1.34E-02
1.33E-02
1.30E-02
1.23E-02
1.33E-02
1.34E-02
1.32E-02
1.28E-02
1.34E-02
1.37E-02
1.33E-02
1.32E-02
1.32E-02
1.31E-02
1.25E-02
1.14E-02
1.07E-02
1.02E-02
1.00E-02
1.22E-02
1.36E-02
1.39E-02
1.43E-02
1.43E-02
1.40E-02
1.39E-02
1.36E-02
1.28E-02
1.32E-02
1.39E-02
1.36E-02
1.40E-02
1.39E-02
1.37E-02
1.33E-02
1.29E-02
1.31E-02
1.26E-02
1.13E-02
1.10E-02
1.12E-02
1.06E-02
1.12E-02
1.05E-02
1.04E-02
1.09E-02
1.14E-02
1.17E-02
1.23E-02
1.16E-02
1.06E-02
1.02E-02
1.00E-02
1.05E-02
1.06E-02
1.29E-02
1.30E-02
1.38E-02
